   0   1   0  93  44  54   0  49  45  52 100  16  24   0   9  80  51   0   0   0   0  50   0   0  18   0  91   0  15  40   6   0  85   0   5   0  69  12  87   0  53   0  62   0  29  78   0  25  81  75  88  64   0  72   0  28  33  41   0   0  57   0   0   0   0  56   7  31  76   0  90  10  74   0  13   0  55  58  98  26  60  96  86  14   0  68  59  61  39  30  27   0  92  77  20  82  47  11   0   0
   0  75  58  74  24   0   0  20  25   3  29  64  94   0   0   0  99  89  83  60  44  27  90   2   0   0  10  22  32   0   0  42  54  31  36  30  52  96  13   0  66   0  12  71  41  43   0  18   7   0   0   0   0   0  48  65  21   0  34   0  87   0  23   6   0  61  78   0  59   0  33  86  67   0  76   0  38 100  73   0   0   0  62  35  50  97   0  55   0   0   0   0   0  40  57  95   0   0  81  17
  95  97  99   0   0   9  76  87  47  62  50  33   2  52  43  58   0   0   0  78  89  19  63  60   0  61   0   0  54  48   0   8   0  28  17  64  21  55   0  93  10   0   0   0  26  68   6  91  37   0  27   0   0  92  38  53  23  81   0  40  16   0  72  88   3   0  66   0  12  98   0   0  45   0  85  42  15   0  65   0  82  79  94  70   0  80   0   0  77  84  14   0   1  35  36  41   0   0  83  69
   0   0   0   0   0   0  68  48  82  69   0  87   0  63   0  39  66  67  34  41   0  78  85   8  13   0  58  56  38   6   0   0   0  94  53  92   0  43  98   0   0  60   0  61  55  76   0  70   1  27   0   9  54   0   0  51  77  42  19  93   0   0   0  30  95  26  36  52  80   0  97   0   0   0   0  72  81   0  96  20   0   0   0  44   0   0  11   0   0   3  29   0   0   0   0  12   4  18  73  90
  38  12  91  33  21   0  19  92   7   0  95   0   0   0  55  69   0   0   0  17   0   0 100   0  37  86  67   0   0  76  73   0  61  25   0   0   3  39   2  77   0  83   0   0   0   0  99   0  52   0   4  82   0  57   0   0  29  16  14  32  90  71  74  20  49   1  45  60  27  64   0  51  80  75   0   0   0  87  54  94  78   0  36  26   8  63  13  65  10  98  42  85  34   9  96  56  50  68   0  84
   8   0  23  59  50  36  31   0   0   0   0  71  74  57  37   5  30  12   0  40  93   0  64  96   0  41   0  55   0  33  29   0  72  66  91  76  19  48   0   0  80   4  95  65   0  28  73  44  79  21   0   0   0  97  87   0   0  60  56  58  38  34   0  68  89  92   0  94  18  85   0   0  77  24   0   1  62   0  84   0   6  90  20   0  67   0  27  45   0  43  61  52   0  13  32 100  39   0  78  49
   0  57   0  30  43  67  83  64   0   0   0  13  14  76   0  85   0  61  53  75   0   0  42  92  25  98  52   0   9  59   0  74  24  95  41   0   0   0  18   0   0  15   0  19   0  97  90   0  36  22  26   0  17  37   0   0  12  70  11  62   8   0  81  96   0  63 100  44  29   0   3  71   2  89   0  68  88  82  32  39  48  99   0   0  69   0   0  87   0  23  79   0   6   7  60  55   0   0  46  16
  51   0  86  46   0   0  98 100   0  90  96  73   0  56  91   7   0  18  25  23  97  77  69  39  84  43   4   0  28   0   0  81  27  10  68  45  59   0   0  35   0  16  54  74   0  14  50  63  57  92   6  30  71  75  61   0   0   0   0   0  13   9  62  40  99   5   0  47  11  24  48  44  52  66   0   0  36  83  21  53   0  58  41   0  89   0   0  49  19  72  93  76  38  37   3   2  64   0   0   0
   0  40  29  72   0   0   0  81  37  35   4   0  54  82  86  79  10   0  68  90   0  16   0   7  95   0  94  87  30   3  80   0   0   1  63   0  62 100  32   0  20  49   0  56  11  67  47   2   0  38   0  50  96   0  44   0   0  89   0  45   0  46  48  55   0  83  19  77  43   0  14  78   0  61   0   0  22  31   0  60   0   0  18  92  42  66  71   0  85   5  24   0   0   0  23   0  75   0  21  59
  34  66   0   0   0  11   0   0  65  84   0   0   0   0  46  62  77  36  31  92   0   0  99  21   0   0  49  68  74   0   0   0   0  60  90  15  47  79  75  26   8  58   0  85  13  59  94  87   0  42  98  83  52   3  76  67 100  55  10   0   4  53   0  33  91   0  39   0  22   0  93  29  23  57  12   0   0  37   6  63   0   0  73  25  95   0   0  16   0   2   5  54  30  89  88  44   0  86  71  97
   0  34  22   0   0   6  67   0  64   0   0  84  18  59   5   0  91   0   0  76  81   0   0  95   0  77  98   0   0  30  49  87   0   0  74  46   7  60  55  16  40   2   0  15   0   0  17  41   0  31   0  69   4   0   0   1   0  96   8  29  70  85  26  57   0  90   0   0  51   0   0  82   0  36  79   0   0  66  13   0  37 100  80   0   0   0   0  27  25   0  88  61  28  53  50  92  73  71  63   0
  50  95  12  16  15  93  75   0  30  26  41   0  47  40   0  63   0  83  89   0  28   0   0   3  44  78   0  97  29   0   8   0  14   0  88   0  20  81  39  25   0  48  77   0   0  34  46  86  76  80  35  62   0   0  10  84  19  79  51   0  37  59   0  21  52  67  55  69   6  87  27  18  24  94  91   0  73  65   0  90  56  36   0   1   0   0   0  98   0  92   9  58   0  82  64   0  99  66  23   0
  41  74   0   0  18  76   0   0   0  92  82  28  98   0   0   0   0   6  36   0   0  54  79  86  55  66  19  73  70  17  11  69   0   0   0 100  72   5  80  91   0  47  52   0   4   0  58  30   0  24  56   0   0   0   0   0  95  46  75  60   0  44  35  13  71   0   0   0   0   0  62  53   0   0  34  29   0  63   0  77  23  32   0   0  97  67  14  40  12   0  57   0  37   0  59  90   0   0   0   1
  57  70  61  35  45  59  43   0   4  27  14  44  13   7   3  19   0   0  85  68  11  31  82   0   0   0   0   5  12   0  89  18   0  29   0   0  51   0   0   1  42   0   0  64   0   0   0  72   0  10  83  80  90  63   0  66  30  73   0   0  60   0   0  17  86   0   0  54  84   0   0   0   0  33   0   0  47  97  37   0   0  94  24  49   6  81  79   9   0   0  76  67  46  62  93   0  32   0   0  96
  56  33  96   0   0  23  77  47   0  98   0   0  55  11  49  15  32  35  78  62   0  74   0   0  88   0   0  18   0   9  10   0  92  82  67   0   0  75  90   3  14  12   0   0   0  63  13  73   0  66   0   0   0   0  36   0  17   0  71   0  83   0   0  24   1  95   0 100  97  80  31   0   0   0  93   0  64   0   8   0  99   0   0   0   0  61  89   0  51  68  69   5  41  70  25  81   0   0   0   7
   0  54   0  48  51  88   0  19   3  17   0  67  95  12  33   8  93  64   0  53  26  84  36  27   0   0   0   0  50  96  28   0  45  99  83   0  71  73  40   0   1  44  98  82  49   0  89   0  18  61  92   0   0   0   9  85  97   7   0  78  91   0   0   0  41   4  23  43  31  42  25  81  39  86   2   0   0   0   0  70   0   5  60  34   0  65  72  63  62   0   0  77  47   0  11  94   0   0  24   6
   0  37   0  91  86   0  82  78  58   1  75  34  90  99   0  87  38   0   0  43   0  48   0  57   0  42   0  63  53   0  52   0   0  22  95  59   0   0   4   0  96  28   6   0   0  26  20   0  45  55   0   0   0  94   5 100  18   0  67  13   0  77   0  81  14  40  25   0   0   0  89  56  32  74  98  61  54  15  23  21  73  69  35   0   0   0  41  47  76   0   8  79  97   0  49   0   3   0  72   0
   5   0   0  38  20  90  32   0  36  60  65   0  57  66   0   0   0  79  73  86   4  94   0  13  15   0  46  76  49   0  84  98  43   9   0   0   0  58   0  62  81  97   0   0  59  29  53  35  87  11   0   0   0   0   0   0  37  34  31   0  61  27   2  64  92  72  74  28   0   0  69   0   0  96   0   0   6   0   0 100   0  95   0  93   0   0  30  18   7  50  51  44  19   0   0   0  14   0   0  40
   0   7   0  80  69   0   0   0  29  28  56   0   1   0   0  96  24  54   0   0   0   0   0   0  71  58  41  52  47  89  37  70  97  26  42  86  61  57  63   0  67  91   0  75   9  92  85   0   0  43   0  40  27  20  15  76   0   0  68  25   5   0  22   0  79   0  73  88   0   0  51   0  78   0  84   0  49  48  72  44  53  10  66   0   0  45  33   2   0  90  35  30  98  34  13   0  60  17  74   0
  66  72   0  94  71   2   0   0  46   0  80   0  88  97  50  27   0   0   0   0   6  90  83   0   0  20   0  93  67  75  79  15  76   0   0   0  44   0   0  32   0  68  84  69  37   0  60   0  99  74  11   0  39   0  81  41   3   0  49  16  98  63   0   8   0   0   0  18   0  10   0   4   1   5   0  40   0  92   0   0  19   0   0   0  91  17   0   0  70   0  48  95  31   0  89  36  21  56 100  65
  18  94  48   0  62  57   0  37  67   0  63  26  35  84  38   0  13  34  52  91  19   0   0  58   0  69  70  75   0  20   0  59  33  65  99  74  73  36  79  14  44  98   0   5   0  93  72  68  92  23  97   0   3  96  49   9  88  45  22  46  40   0   0  32  60  21  50  51  85  17   0  87  42   0   0  53  71  61  39  80  11   0   0   0  82   0  66  86   4  78   0   2  54  55   0   0   0  43  64   0
  20  25  13  88   0   0  41  28  35  80  83  89  93  18  14   0  36  55  39  10  92   0  76   0  78   0   0  57   0  11  26  75   0  64   0  44  16   4   0  37  47  82   0  33   0  40  12  19  65   0  61   0   0  17   0  62  71   2  59   0   6   0  46 100   0   0  22   0   0  90   0  70   5  52   0  49  95   0  77  85  91   0   0   0  74   0  31   0   3  69  84   8   0   0   0  97  34  72  67  99
  52   2  19  17   9   0   3  50  16  95   0   0   0   0   0  82  42  45  71  46  62  67  65  22   0  74  88  64   6   0   0   0   0   0   0   0   0  69   0  27  85  13   0   0  24  89  84   0   0   0  58  29  53  30  34   0  36   0  78   4  79  49  99  15   0   0  72  37   0  56  75   0   0  59 100  11  18   0   0   0  41   8  57   0  21   0   0  39   0  47   0   0  66  90   0  40   0  92  60   0
  54  96   0   0  46  82   0  12   0  65   6  40   9   0  77   0  56  98  37  15  59  34   0   0  97  68  25  95   0  44   0  21   0   5  51   0  30  47   0  53  43  80  74  52  27   0  16  31  55  18  70  60   0  86  69  48   0   0  28  10  24   0   0   0   0   0   0   0   0   8  36  66   0  78  72  94   0  93  19   0   0   0  87  29  58   0   0  33  99  13   0  38 100   0  81  61   0  14   0   0
   0  36  34  60   0  86   0  43  59   0  23  58  11  96  30  33  47  29   0  70   2   0  48  31   0  37  77   7   0   0  94  35  40  89   0   0   0  20  57  98   6   0 100   0  51  22   0   0  46  56  68   0  42  87  67  75  64  93  52  41  88   0  38  28  54  25   3   0   0   0   0   0  99  82   0   0   0  84   1   8   0   0  61  45   0  19  44   0   0  10   0  16  39  83  17  71   0  49   0   0
   0  92   0 100   0  14  49  58  53  71   0  81  19   0   0  94  60  32  64   0   0   0  52  99  61  96  36  12   0  38  25   9   0  15   0   8  45   0  48  67   0  29  42   0   0   0  26   0  86  63  18  55  31   0  82  73  35   0  76  27  93  47  13  69   0  39  84   0  74   5   0  43   0  21  37  23  68  56  16   0   0   0   0   0   0   0  28   1   0   0  20  80  11   0  70   0  78   0   0  88
   0  56  31   0  30  91   0  68   1  74   0   8  76  48  27 100   4   0  67  97   0   0  54  63  49  94  21   0  81  24   0  39  58   0   0  78   0   6  28   0  60  17  38  99  95  88   0   0   0   0  80   0   0  98  13  12  40  90  92   0  77   0   0  87  44  70  33   0   0  18   0   0  50   0  62  35   0   3  20  89  96  22   0  65  73   0  75   0   0   0   0  37  10   0  82  52   5  36   9   0
  32   0   0   0   0   7   0   0   0  76   0  53   0  80   0   0   0   0  16  20   0   0  93  84   0  13  87   0  82  26   1  31  55   0  24   0   0  10  34  11  54   0   0   0  48  90   0  15   0   0   0  25  72   0  95  81  47  57   0   0   0  43  66   0  75  86  63  14   9  96   0  22  33   0   0   0  45  41  58   0  36   0   0  40   0  42  94  79  38  27   0  21  44   0   0   0  29   0   0   3
   6   8  45  27  93  10   0  75  23  55   0  72  99  74  78   0  95  59   0   0  15   0  32   0   0   9  28   4   1  39  82   0  38   0   0  54  68  71  29   0   3  66   0  87  35   2  79  81  62  36   5   7  84  51  65   0  20  50 100  77   0  16  57  83  94  53  64  76  48  12   0  17   0   0  90   0  97   0  14   0  80  25  70   0   0   0  43  92  56  67   0  24   0   0  46  63  42  96  31  26
  99  87  64   0  61  24   0   0  73  40   0  90   0  54   0   0   3  25  65  22   0  91  27   0   0   0  80  60  98   0  77   0  84   0  13  66   2  72   0  46  58  20  97   7  45   0  57  39  67  76  89  37   0   0  63  15  94   0   0   0   0  82   0   0   4  30  81   0   0  92  12  79   0   0   0  44  29   0   0  96   0  49   0  68  34  18   0   0   5  32  86   0  85  47  53   6  93  74   0  41
  74   0  16   0  19  71   0   0   0  10  52   0  77   0  65   9  44   5  82  96  23   0  81  61  67  87   2  43  14  83   0  95   0   4   0   0  41   7  68  64   0   0  92   0  15  58  91  80  34  93  32   3   6  33   0   0  72   0  45   0   0  26  39   0   0   0  53  38  57   0  63  48  35   0  27  66  59  79  50  75  97  62  37  90  24  70  73   0   0  29   0  28  22   0  98   0   0  69  20   0
  24  68   0  58  38  13   0  33  49   0  45  78  41   0   0  37  76   0   0   0  71   0  73  75   5   0  27  30  77  86   0  62  67   0  39   0   0  88  51   0   0   9   1   0   0   0  14  50  11  83   0  47   0   0   0   0  84   0  97  23  56   0  95   0   0  34   0   8  81   0  52  61  98  65   0  74   3  89  85  10  64   7  12  63   0   0  40  48   0  44   0   0  70   0  29  57  26   0  15  66
  27  22   0  81  59   0  50   0  85  39   0  55  33   0   0   0   0  47   0  63  29  70  96   0   0   0   0  58   0  51   0  20   0   0  21  89  35   0  12  34  61   0   0  48   0   0  97   3   0  54  87  44   0   0  37   0  91  26  53   0   0  84  52  76  15  68  41  64   0   0   0   0   7  83   0   0  16   0  28  72  30   0  82  66  38   0  93   0  17  79  75   0  56  24  10  11   0  23  14   0
  77  31  47  28  64   0   0   0  78  32  74   0  22  13  60   0   0  72  87   0  82  20  46  41   0  63  42 100  26   0   0  96   0  80  30   0   0  45  10  15  23   0  89  62  69   4  86  29   0  49  71  61  35  73   7  90  66   0  17   8  85  37   0  11  50  27  97  65   0   0   0  36  18   0   0  76  84   0   0   0  39   0  14  83   3   0   0  56   0  54  55  40  58  91  48   0   0   1  52  12
   0   0   0  18   0  66  54   0  75   0  15  94   0  62  64   6  53   0   7  38   0  10  57   0   0  85  68   3  25   0   0  13  48   0  40  69  36   0  16  90  99  27  37  41   0  55   8  26  59   0  52   0   0   0   1  22   0   0   4   0   0   5  77  61   0  42   0  58  19  14   0  33   0   0   0  60  12   0   0  24   0  74   0  67  31  78  84 100   0   0  83   0   0  95  47  80  87   0   0  39
  70   0  21   0   0  97  45   4  12   0   0  32   0  10  28   0  61  93   0   0  50   9   7  48   0  52   0  39   0  79   0   0   0   0  46   0  83  18   0  49  73  95   0  36  78  66   0  76   0  65  40  15  11  88 100  16  98  25  77   0   0   0  89  62   0   6  35   0   0   0   0  38   8   0  92   0   0  47  31  87  86  72  58   5  43   0  80  81   0   0  64  34  33  44  74  96  27   0   0   0
  61   0   0  55   0   0   0  41  44  93   0  48   0   0   0  14  54   1   0 100   0  17   0   0  45   0  47  98  69  18  75   0   0  92  59   0   0  24  82   0  12  19  43  46  52  42  81  94  63  25  13  20   0   0   0  39   0   0  27   0  29  36  71  23  83  22  30   3  16   0  57   9   0   0  26  32  67  64  68  40  28  87   0   0  10  77  95  96   8  85  49  97  72   5   0   0   0   6  62  86
   0  63  15  92   0   0   0  26  48   0  25  35  97  98  34   0  49  99  30  80   0  89   0   0  28  88   0  44  24  12  57   0 100  50   0  61   0  74   3   0   7   0   0  38  39   0  32   0  72  45  14   0   0  85   0   0   0   0   0   0  54   1  40  93   0   0  96  10   0   0   0  95   4   0   6  13   0  69   0   0  27  20  76  21  36  51   0  22  16   0  71  42  94  41  78  18  37   0   0  53
  62   0  57  20   0   0   0   0   0   0  39   0  66  24   0   0  68  95   0   0   0  21  38   0  40   0  22   0  78   0  27   0  56  97  70   0  77   9  58   0  16   0  67  13   2   0  44  79  35  98  64   0  83   0  93   0   0  10  94  12   0  48  31   0  63   0  80  87  72   0  71  45  14  54  51   0   0  34  55  30  47   4   0  18   0   0   0  46   0  49   0   7  32  84   0   0   0   8  89  61
  96  91  72   0  60  80   0   0   0  25  85  12   0  75  19  83  73   3   0   0  31  92  35   0   0  65  13   0   0   0  32  66   0   0  78  93   0  28  26  54  64   0   0   0  87  51   0  22  71  33  82   0  56   0  57   0  48  74  41  24  18   0   0  70  88  45   9  98 100  20  81  15  46  42   0  39  43  62   2   0   0   1   0   0  53  23  69   0  34   0   0  63   0  16  90  77  67  50   0  79
  15   0   0  62  88  18  12   0   0   0   0   0 100  61  20  23  55  49   0  66  67   0  19  16  98   7  57  28   0  32  71  91  10  24  35   0  74  68  25   0   0  22   0   0  97   0   0  27  64  29   0   0  89  90  77  94  76   0  48  84  43  31   0  60   0  96  59  78   0  63   0  11  44   0  38   0  17  86   0   0  13  73  39  75  54  37  83  80  87  53  52   0  95  46  14   8  85   0  33   0
  31  11  41  51   0   0   0   0  93  46   0   5  12  67   0  65  34   7   0  48  24  96  92  44   0  49  64   6  68   0   2   0  32  39  54  17   0  29   0   0  83  75  55   0   0   0   4  40  53   0  63   0  28  82  21  20  52   9  79  26  27   0   0   0  25  57  76  97  13  94  88 100  81   0  73  85   0   0  60  23  71   0   0  72  99  30   0   0  45  42  74  35   0   0  18  84  58   0  77  70
   0  23   0   0   0  72   0   0  17   0  11  54  96  70  68   0  45  37  60  50   0  81  86  20   2   0   0   0  83  31   0   0  79  34   0   0   0  85  95  59  76   0  10  24  92   0  62  49  73   0  69  93   8   0  46   0  22   0  42   1  26  29  75   0   0  71  44  82  58   0  80   3   0  39  14   0   0   0  25  57   0   0  65  94   0  89   0  66  67  63  36   0   0   0   9   0  48  21  47   0
  43   6   9   0   0  27   0   0  90  44   2  31   0   0  39   0   0  33   0   0  30   0  59  34   0   0  56   0  10   0  62  26   0   0  15   0   0   0  14  42   0  84  61  18   0  21   0  23  50   0  96   0  25  74  16   0  53   0  12   0  32   0  91  22  77  20   1   0  37   0   0  67  72  58  45  99  98  68  47  51  24   0   0  69  41  85  29  70  35   4  63  71   7  64  83   0   0   0  11   0
  91   0  37  87  73  30  29  39  63  20  42   0  17   0  85   0  18  13  51  77  46  69  21  93  43  27  71   0  52  66  98  19   4   0   0   0  48  80  53   0  70   0  82  72  68   9   0   0  14   0  95   5   0 100  40   0   0   0  54   7  49  65   0  41   0  36  12  23  64   0  59  94   0   0   0  10  33  22  97  79  31  86  96  74   0  50   2  60  47  34  90  75   3  32   0  62   0   0  92  44
  76  84  54   0  42  25   0  45   0   0  36  19  63   0   0   0   0  73  38   8  75   0   0   0   0  91  78   0  18   0   0   0   0  11  64   0   0   0  47   0  46  74   0  77  17  39   2   0  43   0  49  88   0  35  55   0  62   4  87  50  86  52   0  92  40  24   0  15  30  68  96  89  26  48  28  82  56  53  34  31  81  21   0  33   0   3  61   0   6  22   0  41  12  97   0   0  98  80  27  94
  68  78  75  99   0  32  86  35  92  36  98   9   0   0   0  74   0  88  72  84  22   0  58  76   0  54  53  61  87  50  18  90  94   8  16  37  96   0   0   0   0  89  66   1   0   0   0   0   0   0   0   0   0   0  70  60  65   0  38  71  14   4   0   0  46  80  95  33   0  51   0  40  12   0   0   0  83   0  64   2  15  11  19  43  28  27   0  26  97  25  82   6  67 100   0  49  31  57  10  55
  60   0   2   0   0  70  24   0  14  50   0   0  44   0   0   0  64   0   0  52   0  33  77  40   0  39  97  11   0  73   0  28   0   0   0   5   0   0   0   0  57   0  59  98   0   0  19   0 100  48  23   0  30  15  66  43  32  61  86  31  62  74  83  72  35  16  34   0   0  47  91   0   0  18   0  37  93  75  92   0   8  56   9   0  88  82  58  90  46   0   0  87  68  76   0  17  20   0   0  29
   0   0  67  34  85  94   0   0  40  79  91  43  10   0  53   0  78   4  86  14   0  42  60   5  70   0   0  88  65  63  45  82   0  23   0   0  55  83  72  87  38   0  58   0  90  47  15   0   0   0  24   0  97   0   0   0  51   0   0  44   0   7  61   3  73   0   0  66   0   9   8   0  27  29   0  84  76  13   0  69  62  12  17 100  77  57   0   0   0  59  50   0  81   0   0  19  30  22   0   0
   0  47  53  64 100   0   0   0  19  38  30  76  26  92  58  28   0   0   0   0   0  25  12   0   0   0   0   0  80   0  69  36   0  75  66  65  40  31  84   0  32  51  11  60  63   0  88   0   0  35  34  33  29  59   0   0   0  67  39   0   0  42   0  18   0  81  17   0  10   6  15   0   0   1  46   0  52  71  90  61  16   0  48   0   0  44  55  93  49   7  13   0  78  45  91   0  43   0  37   0
  17  16  33   0   0   0   7   0  98   0  54   0  60  68   0   0  35  50   0   0  84   0   2   0  86   0  31   0  20  74   0   0  12   0  61  95  34   0   0   0   0   0  49   0  76  24  30  10  41   0   0   0  46   0   8   0  27  22  93   0  44   0  28  29  58  82   0   0  38  75  87  25  55  14   0  80   0   0   3  78   0  89  63  32   0  91  67  64  52  65   0   0  36  21   4   0  53   0  56  47
   0   0  38   0   0  74   0   0  22   0   0  30  27  58  92  41   0  82   0   0  95  14   0  80  12   3   0   0   0  72  66  77  36  40  69   0   0  97  65  31   0  94   0   8  32   0  35  11  51  88  57  39   2  83   0  34  67  68   0  59  17   0   6  42  10  85  99  81  87  50  54  90  71  46   0  15  61   0  62  52   0  44   0   0   0  98  49   0  55  48   0   0  13  73  86  43  24   0   5   0
  40   0   0   0  28   0  34  94   0  67  43  91  86  53   6  78   0   0   0   0   0   0   0   0  60  48   0  42   0   0  33  49   0   0  45  72  23  87  20  83   0  56   0  47  38  31  95   0  54  15  37  36  80  44  97  24  75  51  98  64  89   0   9   7  39   0   0  11  73   0  84  74   0   0  29   8  69  27  41  76 100  57   0  62  68   0  18   0  92   0  81  26  50   0   1  30   0  25  93   2
  26  88  82  12   0   3  62  18  15  56  99   0   0  20  61  55  23  66 100  49   7  28  98  36  19   0  32  41  16  57  35   0  91  74   0  25   0  21   1  68   0   0  27  81   0   0   0  65  22   5   0  48  77  84  89  72   0  76   0   0  59  60   0  31   0  78  43  96  70  79   0   0  86  38  30   9  50  44   0  17  75  37  53   0   0   0   0  54   0   0  95   0  52  51   0  85   8   0  34  33
   0  73  20   0   0  39  87  30  91  37  24   0   0  85   1  18  57  77  17  13  27   0  43  52   0   0   0  69  93  71  38   4  19  48   0  53   0  56  81  80  68   0  99   0  70   0  28   0   0  67  45  54   0   7   0  95  11   0   5   0  12   0  88  65   0  23   0  36   8  55   0  97  22  35  16  59  79   0  94  33   0  50   0  31  60   0   0  84   2  96   3  15   0   0  75   0  62  32  44  92
  92  48  36  86  78  35  99  32  68   0   9   0  72  79  29  59   0  84  81  88  54   0  62   0   0  22  50  13  76   0  16  94  90  96  18   0   8  63   0   0  91  42  85  44   0   0  69  66  89   0   0  38  70  71   0  17  56   0   0  47   0  45  51   4   5  33   0   0  46  93  24  64  21   0  20  77   2   0  40  83  43  27  25  15  26  11  97  28   0  19   0  39  82  57   0  31  49 100  55  10
  90  49  44  95   0  55  65  27  43   0   0   2  80  39  93  89  97   0  75  33  17   8  94   0  59   0  82  38  34  56  15  88   0  46  62   0  57  42  73  92  86  50  23  21  36  18  78  61   0  52   0  12  16  19  25  96   0   0  81  74   0  22 100   0  37  48   0  20  77   0   0  47  68  45  58   5  51   0  67  98  69  85   0  24  70   0  35  41  29   0   7  83  63  60  71  66   0   0   0  11
  93   0  46  61  11  69  51   0  31  41   0   3  62  15  67   0  65  48  12   7  49   6   0  68  92  24  90   0  44  64  54  32  89  86   0   0  39  50  17  29  33  53  40  80  83  37  87  55   0   4  20  79  21  26  28  63   0  52   0  82  76  56  94  98  13   0   0  57  25  19  85  60  95  73  43   0  23  81 100  66   0   0  42   0  78  14   0  99  36   1  16  18  74  38  35   0  84   0  70  77
  14  81  50  24  80  89   0   0  60   2  22  21  69  25  95   0   0   0  44  94  39   0   0   0   0  55  73   0  40  97   7   6   0  67   3  27   0  51   5  41   0   0  13  12   0   0  48  59  26  19   0  86  66  31  30  23  61  32   0  15  34  72  47   0  53   0   0  16   0  83  37  92   0  63   0   0   0  36   0  93   0   0   0   8  90  56  46  88   0   0   0   0  96  42  87  20   0  76  29  54
   0  42  59  66  84  45  57  25  76   0  19   0   0   0  83  16   0   0   0  73   0   0   0  18   1  75 100  85   0  78  64   0  99  58  60   0   0  44   9  70  17   0  71  39   0  77   0   0   0   0  10  87  55   0   0  49   0  62   0  35  67   0  68   0   0   0  86  24   0  69   0  34   0  28   0  96  31  26  89  56  33   3  22  81  51  21   6   5  61  95  12   0  23  80  41  98  65  97  94  27
   0  59  39   0  22  46   0  73   0  88   0   0   0  71  42  40   0   0   0  47   0  58  80  19  96  29   0  70  94  95  21   1  20  35  65  12  98  34  89   0  74   0   3  57  61   0   0  60  77  97  86  53  37   9   0  87  26  91  44   0   0   0  43  84  32   0  69   0  15   0   0  28  90   0  83  78  72   0  99  16  66   6   0   0  25  13  17   0  93  82  56  10   0   0   0  45   0   0  36  14
  12  67  94   0   0   4  23  97  70  21   0  57  59  28   0  61  84  26   0  93  52  39  53  37   0   0   0   9  48   0  46  71  29   0  55  42  63  49  99   0   0  90   0  66  73   0   0  75  95  82  16   0 100   0  11  40   0  98  15   0  35   0   0   0  24  13  51   6  17   0  22  31  47  92  19  20  87   8   0   1   5  41  91   0  81  72  68   0  80  58   0  74   0   3   0   0  96   0  85   0
  89  19  10   0  17  84  42   0  74  16  86  52  82  65   0  44   9   0  77   5  87  43   0  14  81   0   0   1   0   2  31  60   0   0  47   0   0   0  85   7   0  34  80  58   0   0   0  92   0  91  30   0   0   0   6  32   0  72   3  33  53  12  78   0   0   0  94   0  55  39  66  50  79  27  56  63  75  35   0  59  90   0  29   0  11  62  88   0   0  37  22  98  25  69   0  51  46  54   0   0
  44  76   0   0  65  41  55   0  61   7  48  79  70   0  89   0   0   0  50   1  60   0   0   0  74  56  18  17   0  47  59  37   0  91  75   0  92  84   0  24   0   0   0  42   0   0   0   0   0  81  39  27  51  21   0  13  58   0  20  34   0  23   4   0   0   3  29  22  83  71  32  68   0   0  88  57  40   0   0   0   2   0  85   0  96  87   0   0  95  15  72  31  49   6  97  38  35   5   0  62
  78  64  32   2  31   0  28  34  77  47   0   0  87   0  13  67  43  51  22   0  63   0   0  26   0  82  99  20   0   0  30   5  96  79  81   0  80  15  19  45  69  24   0   4  23  62  49   0   6  86   0   0   7   8  35  71   0  66  61  73  97  11   0   0  33  65  85  27  50  59  76  93  94  70  53   0  25  18  36   0  83   0  54   0   0  75   0   3  57  14   0  48  55   1  40   0   9   0  12  52
 100  82   6   0   3   0   0  29  62  57  17  39  91   0  24  68  92   0  66   0  76   0   0  78  38  90   0  21  33   0  70   0  25   0  27   0   0  52  11   9   2  35  79  53   0  13  98   0  85  44   0  94  93   0  83  64  10   0  96   5  80  73   0  48   0   0  75   0  63  31  41   0  34  51  54   0  30  14  45  37   0   0   0   0  46   0  42  19   0  99   0  43   0   8   0  59  88   0  61  89
   0   0  83   9  63  26  92  52  79  15   0  25  30  34  98  49   0   0   0  99  88  44   0   0  91  64  12   0   0   0  86 100  23   0  57   0  50   8  61  74  39   0  56  84   7   0   0  17  31  32   2  65  68  55   0  14  43  59  70   0  96   0  67   1   0   0  54  46  47  40  13   0  69   6  77  73  58   4   0  82   0   0   0   0   0  20  16  36  60  76  94  78  71  81   0  37  18  41  53  19
   0  35  51  54  98  56  18   0   0  30  94   0   7   0  62  53   6   0  20   0  85   0   0  25   0  32   0  10  97   0  40   0  13  36  72   0  43  90  69   0  88  59   0   0   0  41   0  37  27   0  22   4   0  89  79   0  49  63   0  81  92  61   0   5  19  58  28   0   0  77  60  91  29   0  23   0  24   0  33  12  67  78   0   9   0   0  50  31   0  71   2  47  83  65  73  87  80   0  39   0
  49  38  43  36  68  33  58  13  24  87  78  45   0  16  69   0   0  21   0   2  72  30   0  77   0   0  86  59  75  27  39  67  62   0   0  51   6   0   0  88  28   0  50  20   0   0  83   1   9  14   0  97  60  23  92  19  31   0  47  54  82   0   0  91  81   0   0  34   0  95  74  85  89  80   0  52  10  98  61   3  63  55   0   0   0   0  32  35  40  12  70  29   4   0 100  26  57  93  66  15
   0  60  25  37   0   5  40   0   0  72  12  85   8  19  75  73   0   0   0   3  65  49   6   0   0   0  84   0  55   0   0  44  66  14  32  26  38  54   0  28  87  71   0   0  64  10  33   0  30   0  29   0  57  24  56  82  74  48   0  36   9  70   0  99 100  98  18  45  88   7  39   2   0   0   0  81  86  46  15  43  61  23  52  59  94   1   0  53  69  89  21  90  17  50  63  67   0   0   0  76
  16   9  95   3   2   0   0   0  52   0   7  68   0  31  87  42  82   0   0  45   0   0  33   6  65  62  55   0  22  88  97  80  86  81   0  91   0  27   0   0   0  10   0  89  85   0   0  32   0  84   0   0   0   0  53   0  14  36  29  30  72  15   0  49  23   0  79  35  61   0  11  63  38 100  59   0   0   0  76   0   0  93  47  41   0   8   0  21  54  57   0   0  77  92  12   0  40   0  51  60
   0   0  71  49  92  58 100   0  33  66  81  51  64  41   0   0  94  24  19  32   0  12  61  72   0  10   0  40  99  36   0   0   0  45  25   0  15  67   0  95   0  86  34   0  77  83   0   0  29  26  73  76  82   0   0   0  54  35  55   0  84  69   0   0   0   0  93   0  98  13   0  16  56  37  21   0  91   0   0  68  85   2  97  89   0  59  90  17  28   0  11  70  20   0  80  78   7   4  88  22
  73  61  40   0   0  42  78  24  99   0   0   0  65  88   0   3   0  22  43  25  83  60  17   0   0  16   8  91  71  80  13  84  52   0   0   0  56  46  66  72   0   0   0  50  58   7  76   0  20   0  15   0   0  11  19   0   1  94  37   0   0   0  92  82   0  59   0  30   4  36   0  69   0  10   9  12  96  51  79  29  68  18   0   0   0  49   5  34  48   0  85  53  86  74   0  93   6  47  41   0
  67   0  81  15   0  37   0  57  18  48  26  63  52  38   0  13   1  91  35  34   0   0  41   0  30  19  20  29  58  70  99  33   0  73  12  79  65  14   0  36   0   0  68  93  44   5  23   0  98  72   9  22  49   0   0  97  45   0  16  96  50  32  17  10  85   0  40   0   0   0   0  39  61  47   0   6  80  42  87  71   0  24   0   0  86  83   4  82  66  77   0  56   0  43   0   0  28  55  95  64
  84  46   0  22   0   0  26   0   0   0  40   6  37  77   2  56  50   0   9   0   0  95  97   0   3  59  44  34  90  25  51  17   0  30  92   0   5   0   7  47  27  55  31   0  43   0   0  74  80  16  48  28  69  10  85  70  83   0   0  86  71  67   8  89   0  91   0  41  45   1  94   0   0   0  78   0   4  73  66  32  29  35  13  76  33  88  99  58  64  87 100  81   0  14   0  23  61  79   0  57
  83   5  76   0  77   0  39   7   0  89  53  92   0   0  80  12  17  20   0   0  13  35  50  82  93   0  26  23  84  87  24   0   0  88   0  34 100  11  60  10  48  70   0  90  54  49   0   0   0  37  81   0  95  91   0   0  57  47  25   0   0  78   0   0   0  14   0  86   0   0   0   0  41   0  67   2   0  33  22  45  40   0  27  36  79   0  38  62  94   6  44   0  65  30   0  29  69  19   3  98
   1   0  74  11  56  68  47   0  72  31   0  66  67  27   0   0 100  97   0  57   0  46  49  81  54   0  24  45  63  21   0  58  39  32  93   0  42   0   0   6  95   0   0   0  60  99  41  38  17  71  12  92  13  79  43  80  90  40  26  98  33  87   0   0  34   2  77   0  44   0  35  20   3   0   0   0  89   0  83   0  65  84  16   0  23   0  53   0  75   0   0  82  59   0  37   0   0  15   0   0
   0  29  80  41   0  28   0   0   0  13  89  83   0   0  18  36   0  10   0   0   0   0  78  56   0   0  11   0  51   0  87  63  75  16  26  96   0  37   0   4  94   0  19   0  47  33   0  53  82   0   0   0   0  66  23  61   2  71  24   0  22 100  90  58  42  73   0   7  68  46  49   0   0  15  52  98  85   0  70  95  50   0  69  91  30   9   3  74   0   0   0  27  84   0   0  34  97  48  99  67
   0   0  85  21  36   0  60  86   0   0  58   0  79  30  96  47  33  70  11  29  37   0  66  73   0   0   5  53  31   0  76  40  35  90  94   0  89   0  62   0  51  46  14  22   0  91  56 100  78   9  75  52  67   0  42  68   0  64  74  87   0   0   0  80  65  55  88   0  54  38   0   0  84   0   0  26   0   0   0  27   0  19   0   0  72  15  63  12  44   0  39   0  18  49  16   0   0  83  50  32
   0   0  55  44   0   0  27  10   6  45  72   0  61  78  74  95  86  69  99   0   9   4  89   1  32  15  39  47  85  28  19  38   0  68  82   0   0   0  54  71  35  62   0   0   0  87  36  21  66  79  33 100  65  77   0   5  50   0   7  51  64  83  12   0  48  76  11  53   0  57   0  14  60   0   0  34  13  88  17   0  98  52  67   0  92   0   0  37  43  70  73  46  91  96   0  42   0  58  26   0
   0   0   0  14   0  31  80   0  21  11   0  56  23   0   4  24   0  39   1  54  58  52  71  47   0 100   0  99  64  41  42   0  70   0  37  63  26  94  86   0   0  93  83  92  67  75  43  36  91  85  76  68  15   0  27  55  87   6  40  20  73  38  32  50   0   0   5  19  79  22  95   0  48   0   3  51  44   0  12  49  46  45   0  53   0   0   0   0  33  66  98   0  35   0  30   0  16  34  18  74
   0  39   0   0  34  44   0   0  97   0  84  20  45   0  59  91   0   0  18   9   0  32  24   0  14  81   0   0  95  98  74  47  87   7  49  55   0  16  46  60  65   0  41   0   0  15  31   0   2   0   1   8  12  29   4  21   0   0  69  99   0  57  58  85  51  89  70  90   0  26   0   0  66   0  36  83  19  43   0  11   3   0  75  37  27   0   0  52   0  80  28  50   0   0  61  73  92  53   0  63
   0  86   1  82  37  78  91   0   9  68   0  75   0   0  99   0  87   0  90   0   0  63  51   0  10   0  60  48   0   0  95   0  50   0   0   4  22  66  59  19  71  45   0  26  96   0   0   6  28  20 100   0   5  13  88   0  24  18   0  94   0  81  11   0   0  29   0   0   0   0  61   0  15   0  74   0   0  32  56  54   0  39  31   0   0   0  76  44  41  35   0  49   8  27   0   3  83  12  80  72
   0  51  17  79  54  19  48   0   0 100  67   0  29  33   0  93   0  53  95  64  38  80  68  50   0  26  96  84  27  37  83  45  30  71  28  40  99  13   0   0   0  18   0   0   0   0  61  98   0  89  85  32   9  78  74   0   7  97   0  14  23  66  42  75  31   0  91   0  41  76  58   0   0   2   0  25   0   0   0  46   0   0   0  22  63   5   0   0  72   0  47   0   0  20   0   0  94  52   6   0
  81   0   0   0  74   0  25  76  41   0  28  82  36  94  51   0  48  31  98   0  66   0   0  70   0  21  17  54  86  19  96  65  69  72   0  80   0  91 100   0   4   0  30   3  50  27   0  52   0  58   0   0  64  60  45   0  46   0   0  61  20  13  16  44   7   9  68  93  71  35   0   0   0  34  22  62  77   0  53  99   0   0  88  23   0  32   0   0   0   8   0  59  57  78  84  15  90  85   1   0
   0   0  24  13  72  53   0   2  66  73  61  80   0  50   0  26   0  30  88  58  20   0  22   0  83   6  75   0  59  45   0  76  15  44  79   0   0  32  35  38  37  99  51  25   0  69   0   0   0  60  41   0   0   0  39  11   0   3   0  28   0   0  10  63  96   0   0  12  78  33  40   0  92   0   5   0  14   1   4   9  57  17  55   0  85   0  70  91  86  64  31  89  48  56   0   0  36  29   0 100
  36  20  60   0   0  63  38  90   5   8  10  65   0  21  66  25  22  86  57   0   1  76  15  49   0   0  16  94  13  46  23  43  98   0   0  41   9   0   0   0   0  87  35   0   0  54  11   0  97  53  91  31  26  70   0  77  34  37  89  52  74  64   3  27  82  28  61  72   0   0  67  80   0  68  96  69   0  85  88   0   0  48  50   0  18  95   0  71   0  83  19  55   0   0  44  14   0  75  40   0
   0  15  26  75   0   0  16  93   0   0  60  41   0 100  40   0   0  71   0  83  78  97  44   0  72  28   7   2   3  61  88   0   0   0   8   0   0  25   0   0   5  76   0  34  22   0  80  77  48  46  84   0  10  42  33   0  79  19  62  53  55  21  87  59   6  69  37   0   0  49  45  57   0  91   0  27  90  24   0  73   0  38   0   0  98   0  74  13  96  11   0   0   9   0  58  99   0  82   0  23
   0   0  98  77  33  47   0  23  56   0  46   0  78   0   0   0  15  62   0  35  34   0  88  91  39   0   9  74  43   0  67  92   0  27  10  90  82   0   6  75   0  21  73  63   0   0  66   0  12   0  59   0   0  22   0   0  44   0   0   0   0   0   0   0  97 100   0  95   1   0  28   0  76  93  60   0  42  20  30  64   0   0  68   0  29  16   0   0   0   0  41  25  69   2   0  86  81  70   7  38
   0  45  27   0  70  40  35  59   0  61  44  14   0   3   7  52  19  68   0  74   0   5  87   0   0  11  69  31  23  92   0   2   0  51  89  36   0   1   0   0  56   0  72  95   0   0   0  88   8 100   0   0   0  65  90  83   0  30  80   0  15   0  53  39  84  54   0  99   0  34   0  37  97  71  33  55  41  16   0  47  49  81  28  77   9  94  20   0  79   0  46   0  76   0  67   0  22  62   0   0
  25  24   3   0  75   0  74  16  39   0   0  29   0  26   0  99   0  60   0  89  45  22  11  32  90  44   1   0   2  10  36  54  42  52  56  13   0   0  30  96  41   7  18  43  66  71   0   0  88  51   0  34  48   0   0  46   5   0   0  68  78   6  15  14  59  79  87  61  69  23   0  73 100   0   8  33   0  67   0  38  35   0  93   4   0  28  37   0   0  62  80  57   0   0  19   0  95  40   0  81
   0  41  35   6  40  81  72  17  88  29   0   4  68  86  82  10   0  90   0  65  12  87  95  30   0   0   0  16   7   0  63  34  57   0  80  32   1   0   0 100  11  33   0   0  20  56   0   9  49   0  74  13  44   0  96  36  89   8   0   0  19  55   0  46  43   0  58   0   0  48   0  27   0  69   0  14  60  91   0  22  92  66   5  52  76  53  85  42   0   0  15  23   0  28  51  75   0  98   0   0
   7  21  70   0  12  92  33  79   0  91  93   0   0   0   0  81  69  17   6   0   0   0  37  62 100  53   0  66  88  67  44   0   0   3  73   0   0  77  97  39  30   0  46  35   0  23   0   0  83  99   0  14  24  32  59   4   0   0   0  57  45   0  64   0  27  60   0   1   0  74  18  54  87   0  75  43  94  80   0   5  26  63  98   0  65  31  10   0   0   0  34   0  42  68  85   0  56   9  84   0
  47  13   0  76   0   0   0   0  95  99   0  50   0  43  52   0  58  78   2  44  61  24  31   0   0   0   0   0   0  29   0   0   0  21   4   0   0  93   0   0  26  37  91  68   0  86  39   5  96   6  53  18  38  40  20  27   0  23   0   0   0  88   0  51   0  75   0  32   3  72  42  65   0  85   0  56   0   0   0   0  70  80  84   0   7  79  77   0 100  94   0   0   0   0  22   0   0   0  69  83
   0  44  52  63   0   0   0  54   0   4  16 100   0   9   8  51  80  42   0  19   0   0  18  15  23  36  40  50  46   0   5   0   0   0   6   0   0   0  38   0  29  81   0  78   0  17  75  62   0  34   0   0  22  95   0  88  41  33  64  72   7  35  21   0  76  31  57  56  67  73   0  98  58  13   0  90  26   0  10   0   0  68  30  60  61  96  39  32   0  86  92  20  27  11   0   0  82  77  43   0
   0   0  90  98  26 100  46   0   0  86  73  96   0   0  56  88   0  23   0  18  43  79   0   0   0   0  34  77  39   4   0  27  81  59  20   0   0   0  45   0  82  57   0  14  31  74  92  54   0  50  78   0  61  80   0   6  85  15  30  75   0   0  24   0  11  47  13   5   0  62  70   0  83  95   0  48   0   0  44   0  17  29   0   0  49   0   0  89  22  41  38   3  93   0  76   0   2  37  87   8
   0  43  77   0  57   0  30  67  10  78  13  27   0   0  76  20   0   0   0  61  98  51  25   9  42   0  59   0  92   0   0  24  74  49  58  18  95  33  50  40  84   0  45   0  72  19  22  93  15   0  31   0   0   0  17  26  70  12   0  37 100  96   0  86   0  44   8  63  28  81  68   0  82   0  89   3   0   0  71   0  38   0  23   0  87   0   0   0  21  56   6  60   0  94  66  91  55   7  16  46
   0   0  84  96  66  61  56  11  34   0   1  38   0  46  45  77  62  92  48  36  80   0  20  74   0  35   0  82   0   0  90   7  78   0   0  75  60  26  15  79   0  32   0  59   0  85  42   0  58   0  67   0  76  43  52  98  55 100  83   3  39   0  41   0   0  50   0  17  91   0  19   0   0  12  57  93   0  23  29  28  25  64   2  51  16  40  81  95  24   0  30  88   5  86  54  72  44  89  97  71
   0  32  69  68   0  48  71  15   0   5  87   0  34  35   0  66  39   0  21   0  47  56   0  38  85  57   0   0   8   0  53  16  22  84  14   0  94  23  92  43  55   0   0   0 100   0  27  24   0  64  51  19   0  93  54  79   0  77   0   0  36  30  65  25  80  52  10  26   0  37  72   0  40  50  17  97  20  49   0  81   0  46   3   0  75  33   0  83   0  74  99  62   0   0  45   0  12  31   0   0
   0  50  14   0  53  22   0  36   8  23  71   0   3   0  57  30   0   0  74  12  41   0  75   0   0   0  33   0   0   0   0  72   0   0  29  88   0   0   0   0   0  79   0   0   0  65  21  95   4  73  25  56   0   0  99   0   0   0  63  97   0  68  85  34  18  94  38   0  89  82   1   0   9  11   0  16  35  77  46   0   0   0   0   6  45  90  15  67   0  20   0  32  61  10  52   0   0   0  49  78
